-124.731216   24.544102
 -66.980385   49.384365
Utah
USA
56
-114.040871   41.993805
-113.875000   41.988091
-113.000000   41.998314
-112.192184   42.001244
-112.172562   41.996643
-112.163170   41.996784
-112.108742   41.997677
-111.506493   41.999588
-111.045944   42.001633
-111.045097   41.579899
-111.045815   41.251774
-111.045982   40.998013
-110.500000   40.994801
-110.047768   40.997696
-110.000000   40.997398
-109.534233   40.998184
-109.231300   41.002102
-109.049400   41.000702
-109.047577   40.653641
-109.050156   40.222694
-109.050499   39.660500
-109.050697   39.497700
-109.050095   39.366699
-109.051765   39.000000
-109.058868   38.719906
-109.059296   38.500000
-109.059402   38.275501
-109.041107   38.164700
-109.041405   38.153027
-109.040848   37.881176
-109.042824   37.484692
-109.045143   37.375000
-109.044571   36.999088
-110.000000   36.997967
-110.469505   36.998001
-110.500000   37.004265
-110.750000   37.003201
-111.133018   37.000790
-111.412048   37.001514
-112.000000   37.000977
-112.539604   37.000683
-112.898598   37.000401
-113.484375   37.000000
-114.049797   37.000423
-114.052025   37.103989
-114.051666   37.604805
-114.050980   37.746284
-114.047600   37.809460
-114.049095   38.148640
-114.049339   38.572968
-114.049026   38.677410
-114.046898   39.542801
-114.046295   39.906101
-114.045860   40.116997
-114.041306   41.000000
-114.038803   41.884899